G9SP4730_Cov_4	contig-115_5127	100.00	35	0	0	4	38	580	546	1e-10	65.8
G9SP10176_Cov_2	contig-115_5127	100.00	34	0	0	1	34	5452	5419	3e-10	63.9
G9SP7480_Cov_6	contig-115_13715	100.00	38	0	0	1	38	1815	1852	2e-12	71.3
G9SP4394_Cov_3	contig-115_27339	100.00	34	0	0	1	34	1402	1435	4e-10	63.9
G9SP2701_Cov_1	contig-115_5127	100.00	31	0	0	4	34	6076	6046	1e-08	58.4
G9SP7004_Cov_1	contig-115_101790	100.00	35	0	0	1	35	670	704	9e-11	65.8
G9SP1458_Cov_2	contig-115_12370	100.00	30	0	0	4	33	2614	2643	5e-08	56.5
G9SP2745_Cov_7	contig-115_5127	100.00	33	0	0	1	33	5313	5281	1e-09	62.1
G9SP3018_Cov_1	contig-115_175	100.00	34	0	0	1	34	7390	7423	3e-10	63.9
G9SP7721_Cov_2	contig-115_59174	100.00	36	0	0	1	36	520	555	3e-11	67.6
G9SP6321_Cov_2	contig-115_13715	100.00	30	0	0	3	32	1325	1296	8e-08	56.5
G9SP4087_Cov_8	contig-115_13715	100.00	36	0	0	1	36	3365	3330	3e-11	67.6
G9SP5416_Cov_1	contig-115_22632	100.00	33	0	0	1	33	95	127	1e-09	62.1
G9SP13612_Cov_1	contig-115_36505	100.00	36	0	0	1	36	1066	1031	3e-11	67.6
G9SP9170_Cov_1	contig-115_5127	100.00	34	0	0	1	34	7129	7096	3e-10	63.9
G9SP2083_Cov_2	contig-115_6234	100.00	32	0	0	1	32	4107	4138	4e-09	60.2
G9SP6709_Cov_8	contig-115_5127	97.56	41	1	0	1	41	467	427	3e-12	71.3
G9SP8139_Cov_2	contig-115_175	97.14	35	1	0	1	35	9040	9074	4e-09	60.2
