G1SP2860_Cov_21	contig-115_24347	100.00	34	0	0	1	34	2064	2031	3e-10	63.9
G1SP3064_Cov_1	contig-115_25698	97.14	35	1	0	1	35	1576	1610	4e-09	60.2
G1SP6938_Cov_1	contig-115_66004	97.37	38	1	0	1	38	1061	1024	1e-10	65.8
G1SP503_Cov_7	contig-115_6324	100.00	33	0	0	3	35	5921	5889	1e-09	62.1
G1SP503_Cov_7	contig-115_13932	100.00	32	0	0	1	32	3047	3016	4e-09	60.2
G1SP1375_Cov_25	contig-115_66004	100.00	36	0	0	1	36	1530	1495	3e-11	67.6
G1SP2620_Cov_28	contig-115_22592	100.00	35	0	0	4	38	428	394	1e-10	65.8
G1SP1442_Cov_5	contig-115_25698	100.00	35	0	0	1	35	1762	1796	1e-10	65.8
G1SP3184_Cov_10	contig-115_47342	100.00	36	0	0	1	36	518	553	3e-11	67.6
G1SP1421_Cov_12	contig-115_5728	100.00	35	0	0	1	35	3498	3464	1e-10	65.8
G1SP5335_Cov_1	contig-115_25698	100.00	36	0	0	1	36	368	403	3e-11	67.6
G1SP217_Cov_1	contig-115_25698	100.00	33	0	0	6	38	206	238	2e-09	62.1
G1SP3490_Cov_13	contig-115_13932	100.00	34	0	0	1	34	376	409	3e-10	63.9
G1SP3692_Cov_1	contig-115_294067	97.14	35	1	0	1	35	404	438	4e-09	60.2
G1SP1089_Cov_6	contig-115_12462	100.00	30	0	0	4	33	1003	1032	5e-08	56.5
G1SP1134_Cov_6	contig-115_244140	100.00	34	0	0	1	34	381	414	3e-10	63.9
G1SP302_Cov_1	contig-115_28104	100.00	34	0	0	1	34	2468	2435	3e-10	63.9
G1SP1604_Cov_12	contig-115_13703	100.00	30	0	0	4	33	1908	1937	5e-08	56.5
G1SP2050_Cov_2	contig-115_2	100.00	34	0	0	1	34	86667	86634	3e-10	63.9
G1SP1514_Cov_12	contig-115_13120	97.06	34	0	1	1	34	3380	3412	5e-08	56.5
G1SP797_Cov_14	contig-115_24347	100.00	33	0	0	1	33	1925	1893	1e-09	62.1
G1SP6235_Cov_1	contig-115_2	100.00	29	0	0	1	29	5098	5070	2e-07	54.7
G1SP5626_Cov_1	contig-115_24347	100.00	34	0	0	1	34	365	398	3e-10	63.9
G1SP5554_Cov_1	contig-115_24347	100.00	34	0	0	1	34	1323	1356	3e-10	63.9
G1SP847_Cov_6	contig-115_2	100.00	30	0	0	1	30	5099	5070	6e-08	56.5
G1SP3639_Cov_2	contig-115_26317	97.06	34	1	0	1	34	2778	2811	1e-08	58.4
