G13SP615_Cov_19	contig-115_25698	100.00	33	0	0	6	38	206	238	2e-09	62.1
G13SP6225_Cov_2	contig-115_244140	100.00	34	0	0	1	34	381	414	3e-10	63.9
G13SP202_Cov_17	contig-115_24347	100.00	34	0	0	1	34	365	398	3e-10	63.9
G13SP242_Cov_5	contig-115_13703	100.00	32	0	0	1	32	1939	1908	4e-09	60.2
G13SP650_Cov_16	contig-115_28104	100.00	34	0	0	1	34	2468	2435	3e-10	63.9
G13SP4110_Cov_1	contig-115_30654	100.00	31	0	0	4	34	173	203	1e-08	58.4
G13SP3842_Cov_7	contig-115_22592	97.56	41	1	0	1	41	2337	2377	3e-12	71.3
G13SP323_Cov_33	contig-115_13703	100.00	34	0	0	1	34	1658	1625	3e-10	63.9
G13SP7672_Cov_1	contig-115_24347	100.00	34	0	0	1	34	2064	2031	3e-10	63.9
G13SP2553_Cov_1	contig-115_24347	100.00	34	0	0	1	34	1323	1356	3e-10	63.9
G13SP2266_Cov_1	contig-115_25698	100.00	34	0	0	1	34	2348	2381	3e-10	63.9
