G1SP16_Cov_1	contig-115_46856	100.00	34	0	0	1	34	1329	1296	3e-10	63.9
G1SP5185_Cov_1	contig-115_28104	97.06	34	1	0	1	34	1646	1613	1e-08	58.4
G1SP502_Cov_38	contig-115_13703	100.00	30	0	0	4	33	1908	1937	5e-08	56.5
G1SP1111_Cov_7	contig-115_25698	100.00	35	0	0	1	35	1762	1796	1e-10	65.8
G1SP1767_Cov_21	contig-115_13932	100.00	34	0	0	1	34	376	409	3e-10	63.9
G1SP144_Cov_23	contig-115_13120	97.06	34	0	1	1	34	3380	3412	5e-08	56.5
G1SP1924_Cov_20	contig-115_66004	100.00	36	0	0	1	36	1530	1495	3e-11	67.6
G1SP587_Cov_1	contig-115_24347	100.00	33	0	0	1	33	2726	2758	1e-09	62.1
G1SP267_Cov_23	contig-115_28104	100.00	30	0	0	3	32	2311	2282	9e-08	56.5
G1SP6298_Cov_1	contig-115_2	100.00	30	0	0	1	30	5099	5070	6e-08	56.5
G1SP2239_Cov_26	contig-115_47342	100.00	36	0	0	1	36	518	553	3e-11	67.6
G1SP1534_Cov_3	contig-115_12462	100.00	30	0	0	4	33	1003	1032	5e-08	56.5
G1SP1220_Cov_16	contig-115_24347	100.00	33	0	0	1	33	1925	1893	1e-09	62.1
G1SP6278_Cov_1	contig-115_244140	100.00	34	0	0	1	34	381	414	3e-10	63.9
G1SP6287_Cov_1	contig-115_22592	100.00	34	0	0	1	34	1502	1469	3e-10	63.9
G1SP293_Cov_20	contig-115_22592	100.00	35	0	0	4	38	428	394	1e-10	65.8
G1SP3423_Cov_3	contig-115_66004	97.37	38	1	0	1	38	1061	1024	1e-10	65.8
G1SP1610_Cov_4	contig-115_46856	100.00	37	0	0	1	37	1410	1374	9e-12	69.4
G1SP2087_Cov_1	contig-115_30654	97.06	34	1	0	1	34	1493	1526	1e-08	58.4
G1SP2620_Cov_28	contig-115_24347	100.00	34	0	0	1	34	2064	2031	3e-10	63.9
G1SP5445_Cov_4	contig-115_211279	100.00	39	0	0	1	39	37	75	8e-13	73.1
