G6SP1814_Cov_1	contig-115_12370	100.00	30	0	0	4	33	2614	2643	5e-08	56.5
G6SP1385_Cov_3	contig-115_22632	100.00	33	0	0	1	33	95	127	1e-09	62.1
G6SP139_Cov_4	contig-115_13715	100.00	30	0	0	3	32	1325	1296	8e-08	56.5
G6SP988_Cov_5	contig-115_13715	100.00	36	0	0	1	36	3365	3330	3e-11	67.6
G6SP1071_Cov_4	contig-115_5127	100.00	35	0	0	4	38	580	546	1e-10	65.8
G6SP2618_Cov_1	contig-115_5127	100.00	34	0	0	1	34	5452	5419	3e-10	63.9
G6SP1104_Cov_6	contig-115_5127	100.00	34	0	0	1	34	6842	6875	3e-10	63.9
G6SP243_Cov_1	contig-115_13715	100.00	38	0	0	1	38	1815	1852	2e-12	71.3
G6SP677_Cov_3	contig-115_5127	100.00	33	0	0	1	33	5313	5281	1e-09	62.1
G6SP252_Cov_3	contig-115_5127	97.56	41	1	0	1	41	467	427	3e-12	71.3
G6SP2361_Cov_1	contig-115_6234	100.00	32	0	0	1	32	4107	4138	4e-09	60.2
G6SP332_Cov_5	contig-115_59174	100.00	36	0	0	1	36	520	555	3e-11	67.6
