G4SP513_Cov_10	contig-115_28104	100.00	30	0	0	3	32	2311	2282	9e-08	56.5
G4SP1339_Cov_13	contig-115_22592	100.00	35	0	0	4	38	428	394	1e-10	65.8
G4SP3923_Cov_1	contig-115_66004	100.00	36	0	0	1	36	1289	1324	3e-11	67.6
G4SP3594_Cov_6	contig-115_25698	100.00	35	0	0	1	35	1762	1796	1e-10	65.8
G4SP1405_Cov_13	contig-115_24347	100.00	34	0	0	1	34	2064	2031	3e-10	63.9
G4SP2767_Cov_8	contig-115_66004	100.00	36	0	0	1	36	1530	1495	3e-11	67.6
G4SP674_Cov_20	contig-115_24347	100.00	33	0	0	1	33	1925	1893	1e-09	62.1
G4SP754_Cov_17	contig-115_13120	97.06	34	0	1	1	34	3380	3412	5e-08	56.5
G4SP877_Cov_10	contig-115_13703	100.00	30	0	0	4	33	1908	1937	5e-08	56.5
G4SP2091_Cov_15	contig-115_47342	100.00	36	0	0	1	36	518	553	3e-11	67.6
G4SP2027_Cov_13	contig-115_13932	100.00	34	0	0	1	34	376	409	3e-10	63.9
