G1SP17491_Cov_2	contig-115_61020	100.00	41	0	0	1	41	206	246	7e-14	76.8
G1SP2182_Cov_3	contig-115_25698	100.00	33	0	0	6	38	206	238	2e-09	62.1
G1SP3741_Cov_136	contig-115_22592	100.00	35	0	0	4	38	428	394	1e-10	65.8
G1SP26975_Cov_2	contig-115_22592	100.00	34	0	0	1	34	1502	1469	3e-10	63.9
G1SP7851_Cov_10	contig-115_24347	100.00	32	0	0	1	32	2818	2787	3e-09	60.2
G1SP1471_Cov_117	contig-115_24347	100.00	33	0	0	1	33	1925	1893	1e-09	62.1
G1SP4377_Cov_2	contig-115_25698	100.00	35	0	0	1	35	101	135	1e-10	65.8
G1SP4264_Cov_9	contig-115_66004	100.00	36	0	0	1	36	1289	1324	3e-11	67.6
G1SP4188_Cov_154	contig-115_47342	100.00	36	0	0	1	36	518	553	3e-11	67.6
G1SP14453_Cov_132	contig-115_24347	100.00	34	0	0	1	34	2064	2031	3e-10	63.9
G1SP21051_Cov_1	contig-115_24347	100.00	32	0	0	1	32	2064	2033	4e-09	60.2
G1SP2754_Cov_1	contig-115_24347	100.00	34	0	0	1	34	365	398	3e-10	63.9
G1SP4856_Cov_14	contig-115_244140	100.00	34	0	0	1	34	381	414	3e-10	63.9
G1SP6152_Cov_6	contig-115_5728	100.00	35	0	0	1	35	3498	3464	1e-10	65.8
G1SP5295_Cov_9	contig-115_25698	100.00	35	0	0	1	35	1160	1126	1e-10	65.8
G1SP4141_Cov_141	contig-115_66004	100.00	36	0	0	1	36	1530	1495	3e-11	67.6
G1SP6108_Cov_14	contig-115_6324	100.00	33	0	0	3	35	5921	5889	1e-09	62.1
G1SP6108_Cov_14	contig-115_13932	100.00	32	0	0	1	32	3047	3016	4e-09	60.2
G1SP7034_Cov_6	contig-115_30654	97.06	34	1	0	1	34	1493	1526	1e-08	58.4
G1SP16913_Cov_1	contig-115_61020	97.22	36	1	0	2	37	1198	1163	1e-09	62.1
G1SP3172_Cov_6	contig-115_66004	97.37	38	1	0	1	38	1061	1024	1e-10	65.8
G1SP5753_Cov_4	contig-115_47342	97.37	38	1	0	1	38	311	274	1e-10	65.8
G1SP3608_Cov_6	contig-115_30654	100.00	35	0	0	1	35	572	606	1e-10	65.8
G1SP6042_Cov_10	contig-115_86574	100.00	35	0	0	1	35	1024	990	1e-10	65.8
G1SP6255_Cov_6	contig-115_13932	100.00	34	0	0	1	34	663	630	3e-10	63.9
G1SP5386_Cov_12	contig-115_2	100.00	30	0	0	1	30	5099	5070	6e-08	56.5
G1SP2335_Cov_5	contig-115_24347	100.00	33	0	0	1	33	2726	2758	1e-09	62.1
G1SP2338_Cov_5	contig-115_211279	100.00	39	0	0	1	39	37	75	8e-13	73.1
G1SP21232_Cov_1	contig-115_28104	100.00	30	0	0	3	32	2311	2282	9e-08	56.5
G1SP15236_Cov_1	contig-115_25698	100.00	34	0	0	1	34	1763	1796	4e-10	63.9
G1SP647_Cov_143	contig-115_13703	100.00	30	0	0	4	33	1908	1937	5e-08	56.5
G1SP1307_Cov_148	contig-115_13932	100.00	34	0	0	1	34	376	409	3e-10	63.9
G1SP5833_Cov_8	contig-115_12462	100.00	30	0	0	4	33	1003	1032	5e-08	56.5
G1SP4781_Cov_10	contig-115_46856	100.00	37	0	0	1	37	1410	1374	9e-12	69.4
G1SP363_Cov_5	contig-115_28104	100.00	34	0	0	1	34	2468	2435	3e-10	63.9
G1SP3723_Cov_7	contig-115_46856	100.00	35	0	0	1	35	1250	1216	1e-10	65.8
G1SP22287_Cov_2	contig-115_25698	100.00	36	0	0	1	36	368	403	3e-11	67.6
G1SP22729_Cov_1	contig-115_13120	100.00	34	0	0	1	34	1952	1919	3e-10	63.9
G1SP1697_Cov_117	contig-115_28104	100.00	30	0	0	3	32	2311	2282	9e-08	56.5
G1SP411_Cov_7	contig-115_2	100.00	37	0	0	1	37	84971	84935	9e-12	69.4
G1SP3300_Cov_14	contig-115_24347	100.00	34	0	0	1	34	1705	1738	3e-10	63.9
