G6SP950_Cov_3	contig-115_13120	97.06	34	0	1	1	34	3380	3412	5e-08	56.5
G6SP1814_Cov_1	contig-115_13703	100.00	30	0	0	4	33	1908	1937	5e-08	56.5
G6SP1385_Cov_3	contig-115_5728	100.00	35	0	0	1	35	3498	3464	1e-10	65.8
G6SP139_Cov_4	contig-115_28104	100.00	30	0	0	3	32	2311	2282	9e-08	56.5
G6SP988_Cov_5	contig-115_66004	100.00	36	0	0	1	36	1530	1495	3e-11	67.6
G6SP1071_Cov_4	contig-115_22592	100.00	35	0	0	4	38	428	394	1e-10	65.8
G6SP2618_Cov_1	contig-115_24347	100.00	34	0	0	1	34	2064	2031	3e-10	63.9
G6SP1104_Cov_6	contig-115_13932	100.00	34	0	0	1	34	376	409	3e-10	63.9
G6SP677_Cov_3	contig-115_24347	100.00	33	0	0	1	33	1925	1893	1e-09	62.1
G6SP252_Cov_3	contig-115_22592	97.56	41	1	0	1	41	315	275	3e-12	71.3
G6SP2361_Cov_1	contig-115_6324	100.00	33	0	0	3	35	5921	5889	1e-09	62.1
G6SP2361_Cov_1	contig-115_13932	100.00	32	0	0	1	32	3047	3016	4e-09	60.2
G6SP332_Cov_5	contig-115_47342	100.00	36	0	0	1	36	518	553	3e-11	67.6
