G1SP17491_Cov_2	contig-115_23065	100.00	41	0	0	1	41	1541	1581	6e-14	76.8
G1SP3741_Cov_136	contig-115_5127	100.00	35	0	0	4	38	580	546	1e-10	65.8
G1SP26975_Cov_2	contig-115_5127	100.00	34	0	0	1	34	1654	1621	3e-10	63.9
G1SP7851_Cov_10	contig-115_5127	100.00	32	0	0	1	32	6206	6175	3e-09	60.2
G1SP1471_Cov_117	contig-115_5127	100.00	33	0	0	1	33	5313	5281	1e-09	62.1
G1SP4264_Cov_9	contig-115_13715	100.00	36	0	0	1	36	3124	3159	3e-11	67.6
G1SP4188_Cov_154	contig-115_59174	100.00	36	0	0	1	36	520	555	3e-11	67.6
G1SP14453_Cov_132	contig-115_5127	100.00	34	0	0	1	34	5452	5419	3e-10	63.9
G1SP21051_Cov_1	contig-115_5127	100.00	32	0	0	1	32	5452	5421	4e-09	60.2
G1SP2754_Cov_1	contig-115_5127	100.00	34	0	0	1	34	3753	3786	3e-10	63.9
G1SP4856_Cov_14	contig-115_175	100.00	34	0	0	1	34	7390	7423	3e-10	63.9
G1SP6152_Cov_6	contig-115_22632	100.00	33	0	0	1	33	95	127	1e-09	62.1
G1SP5295_Cov_9	contig-115_27339	100.00	35	0	0	1	35	799	765	9e-11	65.8
G1SP4141_Cov_141	contig-115_13715	100.00	36	0	0	1	36	3365	3330	3e-11	67.6
G1SP6108_Cov_14	contig-115_6234	100.00	32	0	0	1	32	4107	4138	4e-09	60.2
G1SP7034_Cov_6	contig-115_6234	97.06	34	1	0	1	34	1658	1691	1e-08	58.4
G1SP16913_Cov_1	contig-115_23065	97.22	36	1	0	2	37	2533	2498	1e-09	62.1
G1SP3172_Cov_6	contig-115_13715	97.37	38	1	0	1	38	2896	2859	1e-10	65.8
G1SP5753_Cov_4	contig-115_59174	97.37	38	1	0	1	38	313	276	1e-10	65.8
G1SP3608_Cov_6	contig-115_6234	100.00	35	0	0	1	35	737	771	1e-10	65.8
G1SP6042_Cov_10	contig-115_402400	100.00	35	0	0	1	35	307	273	9e-11	65.8
G1SP6042_Cov_10	contig-115_23065	100.00	35	0	0	1	35	263	297	9e-11	65.8
G1SP6255_Cov_6	contig-115_5127	100.00	34	0	0	1	34	7129	7096	3e-10	63.9
G1SP15029_Cov_7	contig-115_341776	96.97	33	1	0	3	35	175	143	5e-08	56.5
G1SP2335_Cov_5	contig-115_5127	100.00	33	0	0	1	33	6114	6146	1e-09	62.1
G1SP2338_Cov_5	contig-115_12370	100.00	39	0	0	1	39	671	633	7e-13	73.1
G1SP21232_Cov_1	contig-115_13715	100.00	30	0	0	3	32	1325	1296	8e-08	56.5
G1SP15236_Cov_1	contig-115_27339	100.00	34	0	0	1	34	1402	1435	4e-10	63.9
G1SP647_Cov_143	contig-115_12370	100.00	30	0	0	4	33	2614	2643	5e-08	56.5
G1SP15098_Cov_3	contig-115_13715	100.00	38	0	0	1	38	1815	1852	2e-12	71.3
G1SP6460_Cov_12	contig-115_36505	100.00	36	0	0	1	36	1066	1031	3e-11	67.6
G1SP1307_Cov_148	contig-115_5127	100.00	34	0	0	1	34	6842	6875	3e-10	63.9
G1SP3716_Cov_14	contig-115_175	97.14	35	1	0	1	35	9040	9074	4e-09	60.2
G1SP363_Cov_5	contig-115_13715	100.00	34	0	0	1	34	1482	1449	3e-10	63.9
G1SP22287_Cov_2	contig-115_27339	100.00	36	0	0	1	36	7	42	3e-11	67.6
G1SP1697_Cov_117	contig-115_13715	100.00	30	0	0	3	32	1325	1296	8e-08	56.5
G1SP3300_Cov_14	contig-115_5127	100.00	34	0	0	1	34	5093	5126	3e-10	63.9
