G1SP2860_Cov_21	contig-115_5127	100.00	34	0	0	1	34	5452	5419	3e-10	63.9
G1SP3098_Cov_11	contig-115_175	97.14	35	1	0	1	35	9040	9074	4e-09	60.2
G1SP3064_Cov_1	contig-115_27339	97.14	35	1	0	1	35	1215	1249	4e-09	60.2
G1SP6938_Cov_1	contig-115_13715	97.37	38	1	0	1	38	2896	2859	1e-10	65.8
G1SP503_Cov_7	contig-115_6234	100.00	32	0	0	1	32	4107	4138	4e-09	60.2
G1SP1375_Cov_25	contig-115_13715	100.00	36	0	0	1	36	3365	3330	3e-11	67.6
G1SP2620_Cov_28	contig-115_5127	100.00	35	0	0	4	38	580	546	1e-10	65.8
G1SP1442_Cov_5	contig-115_27339	100.00	35	0	0	1	35	1401	1435	9e-11	65.8
G1SP3184_Cov_10	contig-115_59174	100.00	36	0	0	1	36	520	555	3e-11	67.6
G1SP1421_Cov_12	contig-115_22632	100.00	33	0	0	1	33	95	127	1e-09	62.1
G1SP5335_Cov_1	contig-115_27339	100.00	36	0	0	1	36	7	42	3e-11	67.6
G1SP3490_Cov_13	contig-115_5127	100.00	34	0	0	1	34	6842	6875	3e-10	63.9
G1SP5721_Cov_1	contig-115_36505	100.00	36	0	0	1	36	1066	1031	3e-11	67.6
G1SP1134_Cov_6	contig-115_175	100.00	34	0	0	1	34	7390	7423	3e-10	63.9
G1SP302_Cov_1	contig-115_13715	100.00	34	0	0	1	34	1482	1449	3e-10	63.9
G1SP1604_Cov_12	contig-115_12370	100.00	30	0	0	4	33	2614	2643	5e-08	56.5
G1SP797_Cov_14	contig-115_5127	100.00	33	0	0	1	33	5313	5281	1e-09	62.1
G1SP5626_Cov_1	contig-115_5127	100.00	34	0	0	1	34	3753	3786	3e-10	63.9
G1SP5554_Cov_1	contig-115_5127	100.00	34	0	0	1	34	4711	4744	3e-10	63.9
G1SP3639_Cov_2	contig-115_111778	97.06	34	1	0	1	34	894	927	1e-08	58.4
